cuda-memcheck --tool initcheck --tool synccheck --report-api-errors all --leak-check full ./ParallelAppagato_rel ../Example_PPI_2/Homo_sapiens_43.gfu ../Example_PPI_2/Homo_sapiens_43_16V.gfu 10
========= CUDA-MEMCHECK
{(2,8214)(15,1072)(5,5817)(11,4982)(8,1207)(6,7733)(1,4885)(12,640)(7,645)(9,111)(3,6589)(13,12291)(4,1527)(10,3206)(14,11500)(0,5995)}
{(10,1986)(9,1719)(14,1982)(15,1988)(5,1989)(2,853)(11,1734)(3,2888)(8,8938)(1,2901)(6,719)(4,5107)(12,230)(7,125)(13,3848)(0,1554)}
{(8,276)(6,236)(2,1554)(3,3972)(15,5169)(5,6400)(9,781)(10,3451)(4,1004)(11,1319)(14,2419)(7,5087)(1,3879)(0,11890)(12,710)(13,5086)}
{(1,7791)(0,3371)(5,921)(11,31)(12,253)(9,7971)(6,2313)(8,4675)(10,29)(13,12538)(7,4753)(14,4056)(2,1879)(15,1346)(3,4756)(4,345)}
{(8,3575)(6,3571)(7,3576)(5,345)(2,3637)(9,2244)(1,9750)(3,3916)(12,6407)(0,31)(13,3119)(11,3919)(10,2224)(15,2424)(14,7043)(4,3482)}
{(8,3484)(2,111)(1,7971)(5,3123)(0,3322)(15,626)(6,1920)(9,3516)(3,2072)(11,11386)(7,6927)(4,387)(12,7867)(13,1618)(10,7480)(14,7481)}
{(2,1116)(3,808)(6,1092)(1,5048)(15,1093)(7,1574)(12,809)(4,1557)(8,1094)(13,717)(9,4554)(0,2958)(5,821)(10,678)(14,4645)(11,4396)}
{(7,1577)(6,3385)(5,9084)(15,5580)(11,5717)(2,5000)(1,4998)(12,4039)(3,4080)(13,12341)(4,5374)(0,96)(9,6522)(10,1917)(8,3028)(14,2242)}
{(15,6983)(2,75)(8,1128)(9,2254)(3,869)(4,864)(5,7672)(6,85)(1,5592)(12,7823)(11,5476)(0,876)(10,2878)(13,2877)(7,3287)(14,4981)}
{(15,7635)(9,361)(10,1236)(14,1234)(5,364)(6,3981)(2,111)(3,7971)(11,3123)(7,3322)(4,626)(8,645)(1,639)(12,1489)(13,1490)(0,1475)}

========= LEAK SUMMARY: 0 bytes leaked in 0 allocations
========= ERROR SUMMARY: 0 errors
